2.3044917583465576
2.2672080993652344
2.2511425018310547
2.227268934249878
2.2250828742980957
2.1913764476776123
2.1829028129577637
2.1695568561553955
2.1389496326446533
2.132012367248535
2.1239237785339355
2.108750343322754
2.095550298690796
2.0989136695861816
2.083984613418579
2.0706417560577393
2.0578365325927734
2.058278799057007
2.033679962158203
2.0249717235565186
2.020242929458618
1.9838359355926514
2.009371042251587
1.964231014251709
1.9793701171875
1.9807164669036865
1.9742436408996582
1.936543583869934
1.9341284036636353
1.9284560680389404
1.913571834564209
1.9087899923324585
1.914687991142273
1.9060980081558228
1.893027663230896
1.8821768760681152
1.8713740110397339
1.8701822757720947
1.8717292547225952
1.8680340051651
1.8363850116729736
1.844123125076294
1.8319228887557983
1.842015266418457
1.8257712125778198
1.8001224994659424
1.8160775899887085
1.7905303239822388
1.7985361814498901
1.7845622301101685
1.7738276720046997
1.7732222080230713
1.7979875802993774
1.7648987770080566
1.7655549049377441
1.7218780517578125
1.7519967555999756
1.7469736337661743
1.7352311611175537
1.7357523441314697
1.7225641012191772
1.7141215801239014
1.704949975013733
1.713818907737732
1.7093889713287354
1.703851580619812
1.6890276670455933
1.6798022985458374
1.6816959381103516
1.6850634813308716
1.6821757555007935
1.6729226112365723
1.67500638961792
1.6651378870010376
1.6527172327041626
1.6613435745239258
1.664103388786316
1.655824899673462
1.6532471179962158
1.6220980882644653
1.6461435556411743
1.653870701789856
1.642834186553955
1.6138571500778198
1.6241408586502075
1.6272002458572388
1.6271028518676758
1.621976375579834
1.625661849975586
1.6173838376998901
1.6016119718551636
1.6062430143356323
1.6098376512527466
1.5808824300765991
1.5986324548721313
1.6072815656661987
1.6043460369110107
1.600856900215149
1.6061198711395264
1.5972020626068115
1.597877025604248
1.5921051502227783
1.5884252786636353
1.5703933238983154
1.589682936668396
1.5689722299575806
1.593340516090393
1.5748796463012695
1.5655354261398315
1.577697992324829
1.5910099744796753
1.5600461959838867
1.5633673667907715
1.571270227432251
1.5679138898849487
1.548112154006958
1.5396960973739624
1.5430915355682373
1.5692896842956543
1.553145170211792
1.5546891689300537
1.5478543043136597
1.5384883880615234
1.5360426902770996
1.5358014106750488
1.5297305583953857
1.560155987739563
1.5480127334594727
1.5300662517547607
1.5205305814743042
1.5233498811721802
1.537748098373413
1.505750298500061
1.5354468822479248
1.532802939414978
1.5279489755630493
1.5386689901351929
1.5268281698226929
1.5213936567306519
1.5186107158660889
1.5107178688049316
1.531324863433838
1.5131865739822388
1.5292680263519287
1.5379501581192017
1.5278573036193848
1.4991881847381592
1.4967814683914185
1.5162580013275146
1.4994792938232422
1.499157190322876
1.484883427619934
1.4953887462615967
1.498481035232544
1.4843229055404663
1.488158941268921
1.489756464958191
1.5035579204559326
1.4832520484924316
1.4936442375183105
1.5125575065612793
1.4889942407608032
1.4893097877502441
1.4794663190841675
1.4835014343261719
1.4865036010742188
1.4671053886413574
1.476511001586914
1.4854044914245605
1.4843641519546509
1.4551199674606323
1.472447156906128
1.4735791683197021
1.4679430723190308
1.4771292209625244
1.4666590690612793
1.498814582824707
1.4656857252120972
1.460094690322876
1.4645886421203613
1.4826512336730957
1.460936427116394
1.4770569801330566
1.4671287536621094
1.438378095626831
1.4560418128967285
1.4641096591949463
1.4649566411972046
1.4603937864303589
1.4617193937301636
1.4525259733200073
1.4553083181381226
1.4545340538024902
1.4517041444778442
1.451545238494873
1.443257212638855
1.4465614557266235
1.4451606273651123
1.4427387714385986
1.4378662109375
1.4405802488327026
1.4353386163711548
1.4423422813415527
1.4394235610961914
1.4406713247299194
1.4350104331970215
1.4429643154144287
1.446704626083374
1.4291521310806274
1.454472303390503
1.4322258234024048
1.4330562353134155
1.4400233030319214
1.4260647296905518
1.4473159313201904
1.4421390295028687
1.4548107385635376
1.4217995405197144
1.434346079826355
1.4169073104858398
1.4205268621444702
1.4227896928787231
1.4139082431793213
1.4038664102554321
1.417101263999939
1.4135489463806152
1.4311405420303345
1.4135299921035767
1.4129127264022827
1.4028209447860718
1.4279859066009521
1.4055159091949463
1.4133615493774414
1.413211464881897
1.4070000648498535
1.423927664756775
1.3944342136383057
1.411624550819397
1.410509705543518
1.3940297365188599
1.3960065841674805
1.4068764448165894
1.4139267206192017
1.4242407083511353
1.4155879020690918
1.3953179121017456
1.4203628301620483
1.4139941930770874
1.3937373161315918
1.3938703536987305
1.3947213888168335
1.3956408500671387
1.4017260074615479
1.387629747390747
1.3886181116104126
1.4011051654815674
1.4001219272613525
1.388990044593811
1.3972023725509644
1.3794794082641602
1.389517903327942
1.3936197757720947
1.3924188613891602
1.4025965929031372
1.381588339805603
1.4125335216522217
1.3656977415084839
1.380679726600647
1.3781938552856445
1.3928998708724976
1.3747117519378662
1.3733205795288086
1.3870090246200562
1.382716417312622
1.3795000314712524
1.3914742469787598
1.389950156211853
1.3929033279418945
1.3707300424575806
1.367154836654663
1.3567639589309692
1.370741844177246
1.370737910270691
1.3900351524353027
1.3739012479782104
1.3670532703399658
1.3603025674819946
1.3510620594024658
1.3697036504745483
1.3688585758209229
1.3577874898910522
1.3657948970794678
1.3645516633987427
1.3761253356933594
1.3631840944290161
1.3590612411499023
1.3592596054077148
1.3610790967941284
1.3447843790054321
1.3651493787765503
1.3757500648498535
1.351715087890625
1.3485112190246582
1.368340253829956
1.3509222269058228
1.369226336479187
1.344133734703064
1.3669803142547607
1.335145115852356
1.377641201019287
1.3643001317977905
1.3604176044464111
1.3624911308288574
1.3639662265777588
1.3418773412704468
1.3474574089050293
1.3535727262496948
1.345749020576477
1.3555128574371338
1.35628342628479
1.3325802087783813
1.3505200147628784
1.3380181789398193
1.3446071147918701
1.343323826789856
1.3687853813171387
1.3371747732162476
1.3478176593780518
1.3290526866912842
1.338144302368164
1.3531851768493652
1.3581756353378296
1.326920986175537
1.328554630279541
1.354422926902771
1.3433361053466797
1.3392672538757324
1.334907054901123
1.3315550088882446
1.3459681272506714
1.3271733522415161
1.349225401878357
1.3601469993591309
1.32692289352417
1.333154559135437
1.3178749084472656
1.3311036825180054
1.3436671495437622
1.316016674041748
1.3383269309997559
1.317178726196289
1.3476299047470093
1.3088911771774292
1.3200461864471436
1.3275154829025269
1.3229769468307495
1.331149697303772
1.3250889778137207
1.3267072439193726
1.3119068145751953
1.310468316078186
1.312589406967163
1.3206740617752075
1.324413537979126
1.3163461685180664
1.314759373664856
1.3158589601516724
1.327459692955017
1.3073261976242065
1.3141223192214966
1.3145523071289062
1.3218967914581299
1.311827301979065
1.3116645812988281
1.3224804401397705
1.3355897665023804
1.3160792589187622
1.307210922241211
1.3066006898880005
1.307629942893982
1.3085200786590576
1.298309564590454
1.2961335182189941
1.324130892753601
1.3053302764892578
1.3111225366592407
1.3129273653030396
1.2936711311340332
1.3007712364196777
1.3083986043930054
1.2978788614273071
1.3127412796020508
1.3061069250106812
1.3132002353668213
1.298838496208191
1.315694808959961
1.2932071685791016
1.3013763427734375
1.2984365224838257
1.3068453073501587
1.2903262376785278
1.3075300455093384
1.297482967376709
1.3058180809020996
1.297338843345642
1.2895270586013794
1.2970075607299805
1.3096537590026855
1.3084032535552979
1.2999309301376343
1.3036210536956787
1.2935550212860107
1.3124250173568726
1.2699159383773804
1.2936601638793945
1.2875479459762573
1.297533392906189
1.2733508348464966
1.2932851314544678
1.2921273708343506
1.2987030744552612
1.3000257015228271
1.3188741207122803
1.2942143678665161
1.2982827425003052
1.2775439023971558
1.2868620157241821
1.2800241708755493
1.2904647588729858
1.2742877006530762
1.2818772792816162
1.2853429317474365
1.2845947742462158
1.2963759899139404
1.2788259983062744
1.3130100965499878
1.2988535165786743
1.268910527229309
1.286407709121704
1.2739530801773071
1.2777268886566162
1.2797253131866455
1.2800315618515015
1.2736479043960571
1.2740447521209717
1.2678626775741577
1.266133189201355
1.2757999897003174
1.2792980670928955
1.2755491733551025
1.2759791612625122
1.2779582738876343
1.2746548652648926
1.2511508464813232
1.280598759651184
1.2689926624298096
1.2668808698654175
1.2652573585510254
1.2853024005889893
1.2574018239974976
1.2690002918243408
1.2712689638137817
1.2690168619155884
1.2647042274475098
1.257244348526001
1.2775070667266846
1.2678550481796265
1.2645071744918823
1.263476848602295
1.2681543827056885
1.257774829864502
1.2701294422149658
1.2607122659683228
1.2728301286697388
1.2562801837921143
1.2740164995193481
1.270967721939087
1.2569814920425415
1.258380651473999
1.2643009424209595
1.2577688694000244
1.2628957033157349
1.2465431690216064
1.2440671920776367
1.2650915384292603
1.2516143321990967
1.2520596981048584
1.2483536005020142
1.2614432573318481
1.258772850036621
1.2687492370605469
1.2594993114471436
1.2507011890411377
1.2695536613464355
1.258702039718628
1.2473756074905396
1.2466330528259277
1.2536590099334717
1.2512845993041992
1.2532069683074951
1.2589696645736694
1.255964994430542
1.2385168075561523
1.2688621282577515
1.2686420679092407
1.2548828125
1.2626630067825317
1.2454478740692139
1.2510759830474854
1.2517427206039429
1.2435871362686157
1.2368403673171997
1.2539961338043213
1.2569918632507324
1.2504394054412842
1.2556685209274292
1.2394993305206299
1.2442090511322021
1.2408455610275269
1.2344979047775269
1.2407498359680176
1.2457761764526367
1.2471261024475098
1.2443653345108032
1.2526507377624512
1.2285313606262207
1.2437598705291748
1.2323206663131714
1.2420598268508911
1.235185146331787
1.2365450859069824
1.2361747026443481
1.234130620956421
1.2330297231674194
1.2346725463867188
1.2371258735656738
1.2394227981567383
1.2501699924468994
1.2293449640274048
1.2335515022277832
1.234104871749878
1.2442458868026733
1.2432376146316528
1.229461908340454
1.223362922668457
1.235619306564331
1.2367606163024902
1.2305258512496948
1.236413598060608
1.2305480241775513
1.2362899780273438
1.2315309047698975
1.234345555305481
1.2469744682312012
1.2358328104019165
1.2352399826049805
1.2262673377990723
1.2233808040618896
1.235607624053955
1.2168238162994385
1.2322142124176025
1.2303906679153442
1.228735089302063
1.2183781862258911
1.2336448431015015
1.214020848274231
1.2159912586212158
1.233811378479004
1.234198808670044
1.2120695114135742
1.2479209899902344
1.224119782447815
1.2329673767089844
1.2208718061447144
1.227664828300476
1.2325160503387451
1.2318493127822876
1.2131136655807495
1.2448681592941284
1.2221072912216187
1.2193723917007446
1.2048686742782593
1.2146180868148804
1.212702989578247
1.211050271987915
1.2227132320404053
1.2203940153121948
1.2169358730316162
1.2175849676132202
1.2168703079223633
1.217897891998291
1.2268905639648438
1.2344310283660889
1.227966070175171
1.2168147563934326
1.2115182876586914
1.2160872220993042
1.2056355476379395
1.20972740650177
1.2044847011566162
1.2165776491165161
1.208125352859497
1.2227482795715332
1.213710069656372
1.2056288719177246
1.2239654064178467
1.2124197483062744
1.2008782625198364
1.2135249376296997
1.222650170326233
1.2153596878051758
1.2038195133209229
1.2046178579330444
1.2210371494293213
1.2112315893173218
1.2317149639129639
1.1916289329528809
1.204418659210205
1.2132612466812134
1.2128996849060059
1.1953728199005127
1.2069321870803833
1.2027469873428345
1.2070213556289673
1.2017757892608643
1.214525818824768
1.2135324478149414
1.1963366270065308
1.1887331008911133
1.2111878395080566
1.200972080230713
1.196962594985962
1.190568208694458
1.203951120376587
1.2138222455978394
1.2054033279418945
1.1960653066635132
1.2015724182128906
1.2054541110992432
1.194486379623413
1.2063405513763428
1.2101776599884033
1.2009364366531372
1.1961160898208618
1.2016410827636719
1.2014732360839844
1.2062913179397583
1.192497730255127
1.1950265169143677
1.210162878036499
1.2009611129760742
1.1969208717346191
1.2026392221450806
1.1839215755462646
1.2059881687164307
1.1950089931488037
1.2154701948165894
1.2074424028396606
1.1953991651535034
1.2028733491897583
1.1906239986419678
1.181683897972107
1.1800096035003662
1.1903424263000488
1.1896556615829468
1.1918278932571411
1.1980905532836914
1.1897716522216797
1.206997036933899
1.1857889890670776
1.1941593885421753
1.180467963218689
1.189774513244629
1.1831333637237549
1.181876301765442
1.1790850162506104
1.1920552253723145
1.1793618202209473
1.1848465204238892
1.180830717086792
1.1983585357666016
1.1906777620315552
1.1799156665802002
1.1892567873001099
1.1830201148986816
1.193552017211914
1.176428198814392
1.176699161529541
1.1908844709396362
1.1873586177825928
1.1878072023391724
1.1829946041107178
1.175216555595398
1.1946933269500732
1.1795862913131714
1.1821026802062988
1.1850014925003052
1.180701732635498
1.1899036169052124
1.2084097862243652
1.194083333015442
1.1828901767730713
1.1813254356384277
1.187363624572754
1.1959404945373535
1.176133394241333
1.1923279762268066
1.1810086965560913
1.1702625751495361
1.2054592370986938
1.1941903829574585
1.1889822483062744
1.1813569068908691
1.177141547203064
1.1761120557785034
1.1852166652679443
1.173231601715088
1.18681800365448
1.1719897985458374
1.1814929246902466
1.180011510848999
1.172489047050476
1.1740776300430298
1.17913818359375
1.1748319864273071
1.1797155141830444
1.1695696115493774
1.1765235662460327
1.174697995185852
1.1689634323120117
1.1804203987121582
1.1735508441925049
1.164595127105713
1.17107355594635
1.175719976425171
1.154653787612915
1.1705634593963623
1.1678180694580078
1.1686872243881226
1.1793270111083984
1.177274227142334
1.1676751375198364
1.166956901550293
1.1692304611206055
1.1707342863082886
1.1774277687072754
1.1601344347000122
1.1803818941116333
1.1805192232131958
1.1750110387802124
1.1621589660644531
1.1621012687683105
1.1585099697113037
1.1721218824386597
1.177250623703003
1.1661267280578613
1.1666879653930664
1.1648286581039429
1.1731208562850952
1.1561285257339478
1.1544742584228516
1.1689306497573853
1.161110281944275
1.1583597660064697
1.1605143547058105
1.1736246347427368
1.157647967338562
1.1749874353408813
1.1627063751220703
1.155693531036377
1.1651593446731567
1.1761658191680908
1.1643421649932861
1.1563637256622314
1.166710615158081
1.1570591926574707
1.1540091037750244
1.1593220233917236
1.1600172519683838
1.1526577472686768
1.1624037027359009
1.151206612586975
1.1537177562713623
1.151863694190979
1.161938190460205
1.1532433032989502
1.1513357162475586
1.1608866453170776
1.1548001766204834
1.161134958267212
1.1588501930236816
1.1554757356643677
1.1472584009170532
1.1617013216018677
1.180878758430481
1.1572816371917725
1.1647059917449951
1.1593605279922485
1.1592179536819458
1.1422762870788574
1.1481431722640991
1.1552538871765137
1.158949851989746
1.1532481908798218
1.1652036905288696
1.1653834581375122
1.1513667106628418
1.148192286491394
1.162751317024231
1.1464385986328125
1.1470555067062378
1.1494286060333252
1.1473945379257202
1.157127857208252
1.1541950702667236
1.147911787033081
1.1468236446380615
1.1407612562179565
1.1454728841781616
